3271660
1133159
1118105
1673722
1354733
1855187
1108165
1103634
1131070
1134455
2702774
903703
879507
914730
969430
921993
897216
902008
930700
907522
934704
932916
965168
1144517
1172093
1172531
1204557
1167682
1194240
1169305
1196936
1205395
1168799
1196250
1241934
1248257
1307998
1201837
1210156
1194204
1292497
1235240
1206912
1198642
1227578
1245029
1237185
1202432
1221502
1210604
1239842
1216653
1263605
1218199
1288607
1244381
1219025
1245519
1227090
1233783
1265039
1305707
1280657
1290997
1236350
1265182
1270306
1298571
1302989
1298254
1269146
1352117
1272641
1321057
1312765
1337147
1324145
1317298
1341346
1354318
1360320
1368874
1374872
2417791
1164217
1106962
1032514
1050589
1052276
1088312
1089225
1069298
1084694
1128838
1082955
1348355
1086684
1081469
1070379
1082396
1057685
1086338
1085248
1128322
1099960
1123918
1708260
1102190
1120473
1115936
1120662
1101388
1130341
1118889
1120394
1085621
1210031
1095515
1092309
1109068
1179203
1096871
1156625
1151839
1204267
1161370
1558860
1156383
1209731
1154868
1138620
1182594
1143603
1171024
1130361
1133661
1162892
1184817
1200041
1187270
1215698
1165993
1393336
1165397
1210560
1345233
1182416
2524479
1161142
1193213
1209542
1168100
1195066
1165574
1172857
1358193
1206553
1207656
1178624
1180689
1182045
1242284
1228996
1188560
1179329
1618042
1219299
1239066
1263336
1260813
1205740
1221290
1263559
1419444
1245259
1248483
1238394
1236985
1257114
1242127
1279340
1293395
1259072
1297649
1351353
1309298
1349117
1344084
1295561
1355309
1315293
1431841
1301438
1254381
1289541
1297414
1301086
1352970
1307870
1340005
1371537
1320669
1358114
1352333
1349248
2629700
1275493
1275361
1316285
1318981
1305514
1336900
1396405
1349711
1320109
1358173
1348299
1381653
1364717
1336993
1301600
1339434
1342954
1353399
1332908
1350177
1355592
1397313
1392160
1400664
1395212
1391676
1389428
1335364
1344230
1358431
1331426
1360168
1379231
1361952
1348197
1355418
1403275
1388698
1399699
1415878
1364144
1384778
1400166
1434507
1390019
1441583
1391511
1377820
1412765
1410775
1381920
1457685
1655812
2623665
1421452
1460020
1388896
1418920
1417022
1397600
1455181
1416192
1404999
1493891
1449634
1447465
1560668
1507771
1502896
1418400
1453500
1497942
1459833
1460843
1461834
1472329
1434831
1471185
1512755
1475110
1492552
1475353
1460728
1442638
1474304
1487732
1490766
1571386
1467625
1459005
1481718
1464490
1521050
1460470
1486147
1490943
1493782
1513647
1549001
1617768
1506071
1558624
1491799
2894538
1519814
1569103
1527318
1537094
1528578
1572600
1555453
1553854
1759678
1487880
1618030
1528698
1611336
1506698
1596071
1514299
1584136
1522458
1543383
1570185
1612661
1569555
1709110
1595596
1584514
1608299
1590905
1595067
1559224
1608232
1571853
1637318
1557058
1599508
1707007
1571515
1607070
1587980
1564378
1655431
1572368
1574572
1623900
1691823
1585354
1577173
1616743
3057531
1617932
1629798
1628595
1592190
1698166
1598541
1639945
1707353
1639077
1745338
1697148
1951835
1603837
1651033
1969858
1638220
1633986
1736431
1711768
1641797
1629901
1656630
1688201
1729980
1629293
1702645
1707102
1715588
1644392
1666708
1670892
1672951
1673375
1684173
1686548
2487816
1647175
1659950
1674865
1664249
1660924
1662215
1691922
3046455
1712061
1781561
1714183
1673997
1670772
1721265
1700387
1690599
1680054
1694785
1673028
1691924
1712344
2054862
1689786
1713570
1691806
1702598
1740501
1697833
1743181
1726062
1760990
1789366
1709128
1812805
1752462
2072499
1747488
1728248
1792018
1719902
1819622
1756077
1782156
1733767
1897358
1761071
1837448
1835987
1740112
3063826
1809755
1873700
1753514
2130353
1761245
1808224
1789410
1778464
1869615
1819020
1787002
1791845
1783960
2211675
1860493
1863024
1818149
1874520
1803138
1923100
1801479
1789171
1822993
1789702
1804883
1915060
1883836
1809878
1811059
1788324
1897800
1819522
1854056
2036591
1811424
1806324
1923330
1843675
1882004
3654504
2067792
1876234
1918622
1991424
1881346
1930660
1863280
1870209
1926269
1854107
1958695
1884702
1857728
1891630
1938594
1903420
1845579
