73682925
67321220
34200788
67362424
67829516
69692295
74346684
68189192
68223722
34920314
35711507
35004437
35071803
35617874
35991418
36854417
35735130
35667471
35765757
36408287
36062005
36722867
36747777
36449493
37323178
37012579
37318260
37193953
37818018
38978667
37277092
37395668
37986844
37683375
38917696
38773377
38349273
38279166
39746395
40024245
39171368
39398051
39426993
39400518
40645449
40248773
40069181
39537182
39882491
41693482
39915241
40277396
40175035
40410137
41505221
41204627
40797983
41116320
41671869
42034025
41852379
42173861
41599664
43395871
43197503
42435918
42857724
43404805
42747580
43177744
43685588
43494132
44972466
43693402
43781258
44811468
44737207
44919815
45128757
45972117
45856398
45748895
45948549
46539271
47043910
46865754
46207998
46065361
47633119
47658191
47066747
47283757
47569964
48146157
48672918
47547843
47183987
48405071
48163748
48256684
47832062
49238699
49083115
49978354
50742672
50589476
52011840
51220683
49843848
49477406
50063219
49708590
50211336
50899619
50756380
53089177
50883934
51144985
50337297
50574091
51955543
51236510
51683987
51800213
55533960
52678448
53715726
53345382
54000917
52290582
52908527
53777276
55511067
54221200
53639444
55143738
54626053
54834833
55763995
55286227
56851534
55666245
57086220
55864871
55869464
58330945
56587238
56404947
57696249
58068357
57285432
57449347
57755782
57701947
57726278
58825548
58264054
58269865
58238506
59515280
58382237
59150852
59804917
59385091
58471760
58919774
60426508
59719470
59626305
61617825
62108189
60642553
61160279
61051494
62810532
63949225
61541348
62832242
62018864
61832273
62409918
63635964
63791724
64001288
65005441
65825038
66171735
65630084
66428631
66679316
66499095
83250898
67127364
65014088
64635048
65870736
65640658
66179485
65667182
66830206
66425045
65903836
66956797
67068482
69334507
69338316
66642804
67231444
68205815
68054013
69490405
68337500
68875635
67572735
68088444
69593639
69043426
70142327
71126681
71733895
69469060
70173186
71948537
71305556
70359128
71561323
71080270
71187628
72629713
72377225
72480385
72263969
72557632
73415543
72032120
74529823
72354664
72751315
74014230
72646400
73232266
75820019
74311074
75016480
74534517
75492589
76548372
76358957
75799157
77473708
76004817
77001645
75525967
77524895
77564879
77177632
76951062
78902622
80463894
81505688
78047012
78599032
78539488
78307016
78574752
77931032
78936815
77344926
78532249
78584951
81479371
80660287
80272094
82785032
82674355
82499532
80598126
82249135
81834523
81769361
83625981
83072589
82172809
82237055
82879907
83397883
84300310
82948080
82461994
82833210
83244292
85141184
84820612
86716295
87445114
85236986
86265067
84713444
85707671
84953832
85310743
89362258
85716115
87832514
86838157
88319706
90319867
88123705
89450127
87961212
87937279
89372748
89546278
87946088
91147910
89822838
90703425
91345330
123122279
92951924
93032277
90176290
90579866
91570299
90047382
91904060
92779363
92874165
90581427
92347553
93354500
94010610
93061052
93796686
94521625
95025689
92844842
94846288
92777223
93827491
95317827
94219179
93941576
94235459
96414616
94502967
96686699
96016551
96531290
98956055
95756065
95738981
98029334
97282830
98212249
96614176
98592031
98316458
101031215
97865733
99248450
98581867
100169729
99790662
100439094
100038180
100046683
111334588
102105092
148458950
104126921
102558270
103245042
101426613
101660545
104782241
103363010
101503250
101488478
104169655
104427814
103636365
102989398
103397169
105744264
106132516
106798426
104205906
106225177
104837808
105698574
104876054
108884989
123210562
111670515
108180447
108251879
107723889
106891109
107979823
108855885
107306101
108932401
109401559
110979744
108937364
108282098
110370535
111790231
109330424
109254344
109766782
113229350
112939900
111885263
175824874
116005074
112104351
111411346
114804503
114421925
113833325
113944683
114148755
114058020
113023452
113321576
115713919
113353696
116282878
114130170
116037008
115205456
115995135
116522410
117686540
119259294
117651786
119336082
117338860
116539793
119792083
119161914
120290142
118914040
122417961
122962219
118775442
119847223
121007854
121315944
120446367
122117615
124303238
123509094
120307137
120795038
196052528
128589105
123026938
123567351
123469876
123831701
124803870
122884878
123563148
123686943
131119543
126627357
125033013
124231518
126046420
124355734
127071550
127632772
125544361
128682156
128620680
126070377
125787198
127737773
129274701
129569929
128151038
130718548
129693749
128773595
128526410
132736943
131003051
129411003
132620429
132061134
129955044
132918608
133208495
130899483
132990448
133120506
135920478
134057679
